ndim,3
ndof,3
coor, 9
1,0.000000,0.000000,0.0
2,0.500000,0.000000,0.0
3,1.000000,0.000000,0.0
4,0.000000,0.500000,0.0
5,0.500000,0.500000,0.0
6,1.000000,0.500000,0.0
7,0.000000,1.000000,0.0
8,0.500000,1.000000,0.0
9,1.000000,1.000000,0.0
elemdata,1
1,1,0.0,0.1,10920,0.3,0.0,0.0,0.0,0.0,0.0
elems,4,4
1,1,1,1,2,5,4
2,1,1,2,3,6,5
3,1,1,4,5,8,7
4,1,1,5,6,9,8
bound,8
1,1,0.000000
2,1,1.000000
3,1,0.000000
7,1,0.000000
8,1,0.000000
9,1,0.000000
4,1,0.000000
6,1,0.000000
force,0
output,3
5,1
5,2
5,3
arclength,ON
1
1.0