ndim,2
ndof,3
coor,41
1	,	0	,	0
2	,	1	,	0
3	,	2	,	0
4	,	3	,	0
5	,	4	,	0
6	,	0	,	1
7	,	1	,	1
8	,	2	,	1
9	,	3	,	1
10	,	4	,	1
11	,	0	,	2
12	,	1	,	2
13	,	2	,	2
14	,	3	,	2
15	,	4	,	2
16	,	0	,	3
17	,	1	,	3
18	,	2	,	3
19	,	3	,	3
20	,	4	,	3
21	,	0	,	4
22	,	1	,	4
23	,	2	,	4
24	,	3	,	4
25	,	4	,	4
26	,	0.5	,	0.5
27	,	1.5	,	0.5
28	,	2.5	,	0.5
29	,	3.5	,	0.5
30	,	0.5	,	1.5
31	,	1.5	,	1.5
32	,	2.5	,	1.5
33	,	3.5	,	1.5
34	,	0.5	,	2.5
35	,	1.5	,	2.5
36	,	2.5	,	2.5
37	,	3.5	,	2.5
38	,	0.5	,	3.5
39	,	1.5	,	3.5
40	,	2.5	,	3.5
41	,	3.5	,	3.5
elemdata,1
1,1,0.0,6.0,2.0,10.0,0.3,1.0,0.0,0.0,0.0
elems,64
1	,	1	,	1	,	1	,	26
2	,	1	,	1	,	26	,	2
3	,	1	,	1	,	2	,	27
4	,	1	,	1	,	27	,	3
5	,	1	,	1	,	3	,	28
6	,	1	,	1	,	28	,	4
7	,	1	,	1	,	4	,	29
8	,	1	,	1	,	29	,	5
9	,	1	,	1	,	26	,	6
10	,	1	,	1	,	26	,	7
11	,	1	,	1	,	7	,	27
12	,	1	,	1	,	27	,	8
13	,	1	,	1	,	8	,	28
14	,	1	,	1	,	28	,	9
15	,	1	,	1	,	9	,	29
16	,	1	,	1	,	29	,	10
17	,	1	,	1	,	10	,	33
18	,	1	,	1	,	33	,	9
19	,	1	,	1	,	9	,	32
20	,	1	,	1	,	32	,	8
21	,	1	,	1	,	8	,	31
22	,	1	,	1	,	31	,	7
23	,	1	,	1	,	7	,	30
24	,	1	,	1	,	30	,	6
25	,	1	,	1	,	30	,	11
26	,	1	,	1	,	30	,	12
27	,	1	,	1	,	12	,	31
28	,	1	,	1	,	31	,	13
29	,	1	,	1	,	13	,	32
30	,	1	,	1	,	32	,	14
31	,	1	,	1	,	14	,	33
32	,	1	,	1	,	33	,	15
33	,	1	,	1	,	15	,	37
34	,	1	,	1	,	37	,	14
35	,	1	,	1	,	14	,	36
36	,	1	,	1	,	36	,	13
37	,	1	,	1	,	13	,	35
38	,	1	,	1	,	35	,	12
39	,	1	,	1	,	12	,	34
40	,	1	,	1	,	34	,	11
41	,	1	,	1	,	16	,	34
42	,	1	,	1	,	34	,	17
43	,	1	,	1	,	17	,	35
44	,	1	,	1	,	35	,	18
45	,	1	,	1	,	18	,	36
46	,	1	,	1	,	36	,	19
47	,	1	,	1	,	19	,	37
48	,	1	,	1	,	37	,	20
49	,	1	,	1	,	20	,	41
50	,	1	,	1	,	41	,	19
51	,	1	,	1	,	19	,	40
52	,	1	,	1	,	40	,	18
53	,	1	,	1	,	18	,	39
54	,	1	,	1	,	39	,	17
55	,	1	,	1	,	17	,	38
56	,	1	,	1	,	38	,	16
57	,	1	,	1	,	21	,	38
58	,	1	,	1	,	38	,	22
59	,	1	,	1	,	22	,	39
60	,	1	,	1	,	39	,	23
61	,	1	,	1	,	23	,	40
62	,	1	,	1	,	40	,	24
63	,	1	,	1	,	24	,	41
64	,	1	,	1	,	41	,	25
bound,10
1,1,0.0
1,2,0.0
2,1,0.0
2,2,0.0
3,1,0.0
3,2,0.0
4,1,0.0
4,2,0.0
5,1,0.0
5,2,0.0
force,3
22,2,-1.0
23,2,-1.0
24,2,-1.0
output,2
23,1
23,2
arclength,ON
20
0.5