ndim,2
ndof,3
coor,36
1	,	0	,	0
2	,	0.866025403784439	,	0.5
3	,	1.73205080756888	,	0
4	,	0.866025403784439	,	1.5
5	,	0	,	2
6	,	1.73205080756888	,	2
7	,	2.59807621135332	,	0.5
8	,	3.46410161513776	,	0
9	,	2.59807621135332	,	1.5
10	,	3.46410161513776	,	2
11	,	4.33012701892219	,	0.5
12	,	5.19615242270663	,	0
13	,	4.33012701892219	,	1.5
14	,	5.19615242270663	,	2
15	,	6.06217782649107	,	0.5
16	,	6.92820323027551	,	0
17	,	6.06217782649107	,	1.5
18	,	6.92820323027551	,	2
19	,	0	,	3
20	,	0.866025403784439	,	3.5
21	,	1.73205080756888	,	3
22	,	0.866025403784439	,	4.5
23	,	0	,	5
24	,	1.73205080756888	,	5
25	,	2.59807621135332	,	3.5
26	,	3.46410161513776	,	3
27	,	2.59807621135332	,	4.5
28	,	3.46410161513776	,	5
29	,	4.33012701892219	,	3.5
30	,	5.19615242270663	,	3
31	,	4.33012701892219	,	4.5
32	,	5.19615242270663	,	5
33	,	6.06217782649107	,	3.5
34	,	6.92820323027551	,	3
35	,	6.06217782649107	,	4.5
36	,	6.92820323027551	,	5
elemdata,1
1,1,0.0,6.0,2.0,10.0,0.3,1.0,0.0,0.0,0.0
elems,45
1	,	1	,	1	,	1	,	2
2	,	1	,	1	,	2	,	3
3	,	1	,	1	,	3	,	7
4	,	1	,	1	,	7	,	8
5	,	1	,	1	,	8	,	11
6	,	1	,	1	,	11	,	12
7	,	1	,	1	,	12	,	15
8	,	1	,	1	,	15	,	16
9	,	1	,	1	,	2	,	4
10	,	1	,	1	,	7	,	9
11	,	1	,	1	,	11	,	13
12	,	1	,	1	,	15	,	17
13	,	1	,	1	,	5	,	4
14	,	1	,	1	,	4	,	6
15	,	1	,	1	,	6	,	9
16	,	1	,	1	,	9	,	10
17	,	1	,	1	,	10	,	13
18	,	1	,	1	,	13	,	14
19	,	1	,	1	,	14	,	17
20	,	1	,	1	,	17	,	18
21	,	1	,	1	,	5	,	19
22	,	1	,	1	,	6	,	21
23	,	1	,	1	,	10	,	26
24	,	1	,	1	,	14	,	30
25	,	1	,	1	,	18	,	34
26	,	1	,	1	,	34	,	33
27	,	1	,	1	,	33	,	30
28	,	1	,	1	,	30	,	29
29	,	1	,	1	,	29	,	26
30	,	1	,	1	,	26	,	25
31	,	1	,	1	,	25	,	21
32	,	1	,	1	,	21	,	20
33	,	1	,	1	,	20	,	19
34	,	1	,	1	,	20	,	22
35	,	1	,	1	,	25	,	27
36	,	1	,	1	,	29	,	31
37	,	1	,	1	,	33	,	35
38	,	1	,	1	,	35	,	36
39	,	1	,	1	,	35	,	32
40	,	1	,	1	,	32	,	31
41	,	1	,	1	,	31	,	28
42	,	1	,	1	,	28	,	27
43	,	1	,	1	,	27	,	24
44	,	1	,	1	,	24	,	22
45	,	1	,	1	,	22	,	23
bound,10
1,1,0.0
1,2,0.0
3,1,0.0
3,2,0.0
8,1,0.0
8,2,0.0
12,1,0.0
12,2,0.0
16,1,0.0
16,2,0.0
force,3
24,2,-1.0
28,2,-1.0
32,2,-1.0
output,2
28,1
28,2
arclength,ON
10
0.5